-887.65 
-907.729 
-943.121 
-989.673 
-1043.82 
-1102.55 
-1163.36 
-1224.19 
-1283.41 
-1339.77 
-1392.31 
-1440.37 
-1483.54 
-1521.58 
-1554.43 
-1582.15 
-1604.93 
-1623.02 
-1636.72 
-1646.38 
-1652.38 
-1655.09 
-1654.9 
-1652.18 
-1647.27 
-1640.53 
-1632.25 
-1622.72 
-1612.19 
-1600.9 
-1589.04 
-1576.79 
-1564.3 
-1551.69 
-1539.07 
-1526.53 
-1514.13 
-1501.92 
-1489.94 
-1478.22 
-1466.77 
-1455.6 
-1444.72 
-1434.12 
-1423.79 
-1413.71 
-1403.89 
-1394.29 
-1384.9 
-1375.71 
-1366.7 
-1357.86 
-1349.16 
-1340.59 
-1332.15 
-1323.81 
-1315.56 
-1307.41 
-1299.33 
-1291.31 
-1283.37 
-1275.48 
-1267.64 
-1259.85 
-1252.1 
-1244.4 
-1236.74 
-1229.12 
-1221.54 
-1214 
-1206.49 
-1199.03 
-1191.6 
-1184.21 
-1176.85 
-1169.54 
-1162.26 
-1155.03 
-1147.83 
-1140.68 
-1133.56 
-1126.49 
-1119.46 
-1112.47 
-1105.52 
-1098.61 
-1091.75 
-1084.93 
-1078.15 
-1071.41 
-1064.71 
-1058.06 
-1051.45 
-1044.88 
-1038.35 
-1031.86 
-1025.41 
-1019 
-1012.64 
-1006.31 
-1000.03 
-993.778 
-987.571 
-981.402 
-975.273 
-969.182 
-963.129 
-957.114 
-951.137 
-945.197 
-939.295 
-933.429 
-927.6 
-921.808 
-916.052 
-910.332 
-904.647 
-898.998 
-893.385 
-887.806 
-882.262 
-876.753 
-871.278 
-865.838 
-860.431 
-855.058 
-849.719 
-844.413 
-839.14 
-833.9 
-828.693 
-823.518 
-818.375 
-813.265 
-808.186 
-803.14 
-798.124 
-793.14 
-788.188 
-783.266 
-778.374 
-773.514 
-768.684 
-763.883 
-759.113 
-754.373 
-749.662 
-744.981 
-740.329 
-735.706 
-731.111 
-726.546 
-722.009 
-717.5 
-713.02 
-708.567 
-704.143 
-699.745 
-695.376 
-691.033 
-686.718 
-682.43 
-678.168 
-673.934 
-669.725 
-665.543 
-661.387 
-657.257 
-653.153 
-649.074 
-645.021 
-640.993 
-636.99 
-633.012 
-629.059 
-625.131 
-621.227 
-617.348 
-613.493 
-609.662 
-605.855 
-602.072 
-598.312 
-594.576 
-590.863 
-587.173 
-583.506 
-579.863 
-576.242 
-572.643 
-569.067 
-565.514 
-561.982 
-558.473 
-554.986 
-551.52 
-548.076 
-544.653 
-541.252 
-537.872 
-534.514 
-531.176 
-527.859 
-524.563 
-521.287 
-518.032 
-514.797 
-511.582 
-508.387 
-505.213 
-502.058 
-498.923 
-495.807 
-492.711 
-489.634 
-486.577 
-483.538 
-480.519 
-477.518 
-474.536 
-471.573 
-468.628 
-465.702 
-462.794 
-459.904 
-457.032 
-454.178 
-451.342 
-448.523 
-445.722 
-442.939 
-440.173 
-437.424 
-434.693 
-431.978 
-429.281 
-426.6 
-423.936 
-421.289 
-418.658 
-416.044 
-413.446 
-410.864 
-408.298 
-405.748 
-403.215 
-400.697 
-398.195 
-395.708 
-393.237 
-390.781 
-388.341 
-385.916 
-383.506 
-381.111 
-378.731 
-376.366 
-374.016 
-371.681 
-369.36 
-367.053 
-364.761 
-362.483 
-360.22 
-357.97 
-355.735 
-353.513 
-351.306 
-349.112 
-346.932 
-344.766 
-342.613 
-340.473 
-338.347 
-336.234 
-334.135 
-332.048 
-329.975 
-327.914 
-325.866 
-323.831 
-321.809 
-319.8 
-317.803 
-315.818 
-313.846 
-311.886 
-309.938 
-308.003 
-306.08 
-304.168 
-302.269 
-300.381 
-298.506 
-296.642 
-294.789 
-292.948 
-291.119 
-289.301 
-287.495 
-285.699 
-283.915 
-282.142 
-280.38 
-278.629 
-276.89 
-275.16 
-273.442 
-271.735 
-270.038 
-268.352 
-266.676 
-265.01 
-263.356 
-261.711 
-260.077 
-258.453 
-256.839 
-255.235 
-253.641 
-252.057 
-250.483 
-248.919 
-247.365 
-245.82 
-244.285 
-242.759 
-241.243 
-239.737 
-238.24 
-236.752 
-235.274 
-233.805 
-232.345 
-230.894 
-229.452 
-228.019 
-226.595 
-225.18 
-223.774 
-222.377 
-220.988 
-219.608 
-218.237 
-216.874 
-215.52 
-214.174 
-212.836 
-211.507 
-210.186 
-208.874 
-207.57 
-206.273 
-204.985 
-203.705 
-202.433 
-201.169 
-199.913 
-198.664 
-197.424 
-196.191 
-194.966 
-193.748 
-192.539 
-191.336 
-190.141 
-188.954 
-187.774 
-186.602 
-185.436 
-184.278 
-183.128 
-181.984 
-180.848 
-179.718 
-178.596 
-177.481 
-176.372 
-175.271 
-174.177 
-173.089 
-172.008 
-170.934 
-169.866 
-168.806 
-167.752 
-166.704 
-165.663 
-164.629 
-163.601 
-162.579 
-161.564 
-160.555 
-159.552 
-158.556 
-157.566 
-156.582 
-155.604 
-154.632 
-153.667 
-152.707 
-151.754 
-150.806 
-149.864 
-148.928 
-147.998 
-147.074 
-146.156 
-145.243 
-144.336 
-143.435 
-142.539 
-141.649 
-140.764 
-139.885 
-139.012 
-138.144 
-137.281 
-136.424 
-135.572 
-134.725 
-133.884 
-133.048 
-132.217 
-131.392 
-130.571 
-129.756 
-128.945 
-128.14 
-127.34 
-126.545 
-125.755 
-124.969 
-124.189 
-123.413 
-122.643 
-121.877 
-121.116 
-120.359 
-119.608 
-118.861 
-118.119 
-117.381 
-116.648 
-115.92 
-115.196 
-114.476 
-113.762 
-113.051 
-112.345 
-111.644 
-110.947 
-110.254 
-109.565 
-108.881 
-108.201 
-107.525 
-106.854 
-106.187 
-105.524 
-104.865 
-104.21 
-103.559 
-102.912 
-102.27 
-101.631 
-100.997 
-100.366 
-99.7391 
-99.1162 
-98.4973 
-97.8822 
-97.271 
-96.6636 
-96.0599 
-95.4601 
-94.864 
-94.2716 
-93.6829 
-93.0979 
-92.5165 
-91.9388 
-91.3647 
-90.7941 
-90.2272 
-89.6637 
-89.1038 
-88.5474 
-87.9945 
-87.445 
-86.8989 
-86.3563 
-85.817 
-85.2811 
-84.7486 
-84.2193 
-83.6934 
-83.1708 
-82.6514 
-82.1353 
-81.6224 
-81.1127 
-80.6062 
-80.1028 
-79.6026 
-79.1055 
-78.6116 
-78.1207 
-77.6328 
-77.148 
-76.6663 
-76.1875 
-75.7118 
-75.239 
-74.7691 
-74.3022 
-73.8382 
-73.3772 
-72.9189 
-72.4636 
-72.0111 
-71.5614 
-71.1145 
-70.6705 
-70.2291 
-69.7906 
-69.3548 
-68.9217 
-68.4913 
-68.0636 
-67.6386 
-67.2162 
-66.7964 
-66.3793 
-65.9648 
-65.5529 
-65.1435 
-64.7367 
-64.3325 
-63.9308 
-63.5315 
-63.1348 
-62.7406 
-62.3488 
-61.9594 
-61.5725 
-61.188 
-60.8059 
-60.4262 
-60.0489 
-59.6739 
-59.3013 
-58.9309 
-58.5629 
-58.1972 
-57.8338 
-57.4727 
-57.1138 
-56.7571 
-56.4027 
-56.0505 
-55.7005 
-55.3526 
-55.007 
-54.6635 
-54.3221 
-53.9829 
-53.6458 
-53.3108 
-52.9779 
-52.6471 
-52.3183 
-51.9916 
-51.667 
-51.3443 
-51.0237 
-50.7051 
-50.3884 
-50.0738 
-49.7611 
-49.4504 
-49.1416 
-48.8347 
-48.5297 
-48.2267 
-47.9255 
-47.6262 
-47.3288 
-47.0333 
-46.7396 
-46.4477 
-46.1577 
-45.8694 
-45.583 
-45.2983 
-45.0155 
-44.7344 
-44.455 
-44.1774 
-43.9016 
-43.6274 
-43.355 
-43.0842 
-42.8152 
-42.5478 
-42.2821 
-42.0181 
-41.7557 
-41.495 
-41.2358 
-40.9783 
-40.7224 
-40.4682 
-40.2154 
-39.9643 
-39.7148 
-39.4667 
-39.2203 
-38.9754 
-38.732 
-38.4901 
-38.2498 
-38.0109 
-37.7736 
-37.5377 
-37.3033 
-37.0703 
-36.8388 
-36.6088 
-36.3802 
-36.153 
-35.9272 
-35.7029 
-35.4799 
-35.2584 
-35.0382 
-34.8194 
-34.602 
-34.3859 
-34.1712 
-33.9578 
-33.7457 
-33.535 
-33.3256 
-33.1175 
-32.9107 
-32.7052 
-32.5009 
-32.298 
-32.0963 
-31.8959 
-31.6967 
-31.4988 
-31.3021 
-31.1066 
-30.9123 
-30.7193 
-30.5275 
-30.3368 
-30.1474 
-29.9591 
-29.7721 
-29.5861 
-29.4014 
-29.2178 
-29.0353 
-28.854 
-28.6738 
-28.4948 
-28.3168 
-28.14 
-27.9643 
-27.7897 
-27.6161 
-27.4437 
-27.2723 
-27.102 
-26.9328 
-26.7646 
-26.5974 
-26.4313 
-26.2663 
-26.1023 
-25.9393 
-25.7773 
-25.6163 
-25.4564 
-25.2974 
-25.1394 
-24.9824 
-24.8264 
-24.6714 
-24.5173 
-24.3642 
-24.2121 
-24.0609 
-23.9106 
-23.7613 
-23.613 
-23.4655 
-23.319 
-23.1733 
-23.0286 
-22.8848 
-22.7419 
-22.5999 
-22.4588 
-22.3185 
-22.1792 
-22.0407 
-21.903 
-21.7663 
-21.6303 
-21.4953 
-21.361 
-21.2276 
-21.0951 
-20.9634 
-20.8324 
-20.7024 
-20.5731 
-20.4446 
-20.3169 
-20.1901 
-20.064 
-19.9387 
-19.8142 
-19.6905 
-19.5675 
-19.4453 
-19.3239 
-19.2032 
-19.0833 
-18.9641 
-18.8457 
-18.728 
-18.6111 
-18.4948 
-18.3794 
-18.2646 
-18.1505 
-18.0372 
-17.9245 
-17.8126 
-17.7014 
-17.5908 
-17.481 
-17.3718 
-17.2634 
-17.1556 
-17.0484 
-16.942 
-16.8362 
-16.731 
-16.6266 
-16.5227 
-16.4195 
-16.317 
-16.2151 
-16.1139 
-16.0132 
-15.9132 
-15.8139 
-15.7151 
-15.617 
-15.5195 
-15.4225 
-15.3262 
-15.2305 
-15.1354 
-15.0409 
-14.947 
-14.8536 
-14.7609 
-14.6687 
-14.5771 
-14.4861 
-14.3956 
-14.3057 
-14.2164 
-14.1276 
-14.0394 
-13.9517 
-13.8646 
-13.778 
-13.692 
-13.6065 
-13.5215 
-13.4371 
-13.3532 
-13.2698 
-13.1869 
-13.1046 
-13.0227 
-12.9414 
-12.8606 
-12.7803 
-12.7005 
-12.6212 
-12.5424 
-12.464 
-12.3862 
-12.3089 
-12.232 
-12.1556 
-12.0797 
-12.0043 
-11.9293 
-11.8548 
-11.7808 
-11.7072 
-11.6341 
-11.5615 
-11.4893 
-11.4175 
-11.3462 
-11.2754 
-11.205 
-11.135 
-11.0655 
-10.9964 
-10.9277 
-10.8595 
-10.7916 
-10.7243 
-10.6573 
-10.5907 
-10.5246 
-10.4589 
-10.3936 
-10.3287 
-10.2642 
-10.2001 
-10.1364 
-10.0731 
-10.0102 
-9.94766 
-9.88554 
-9.82381 
-9.76246 
-9.7015 
-9.64092 
-9.58072 
-9.52089 
-9.46143 
-9.40235 
-9.34364 
-9.28529 
-9.22731 
-9.16969 
-9.11242 
-9.05552 
-8.99897 
-8.94278 
-8.88693 
-8.83144 
-8.77629 
-8.72148 
-8.66702 
-8.6129 
-8.55912 
-8.50567 
-8.45255 
-8.39977 
-8.34732 
-8.29519 
-8.24339 
-8.19191 
-8.14076 
-8.08992 
-8.0394 
-7.9892 
-7.93931 
-7.88973 
-7.84047 
-7.79151 
-7.74285 
-7.6945 
-7.64645 
-7.5987 
-7.55125 
-7.5041 
-7.45724 
-7.41067 
-7.36439 
-7.3184 
-7.2727 
-7.22729 
-7.18216 
-7.13731 
-7.09274 
-7.04844 
-7.00443 
-6.96069 
-6.91722 
-6.87403 
-6.8311 
-6.78844 
-6.74605 
-6.70393 
-6.66206 
-6.62046 
-6.57912 
-6.53804 
-6.49721 
-6.45664 
-6.41632 
-6.37625 
-6.33643 
-6.29686 
-6.25754 
-6.21847 
-6.17963 
-6.14104 
-6.1027 
-6.06459 
-6.02672 
-5.98908 
-5.95168 
-5.91452 
-5.87758 
-5.84088 
-5.8044 
-5.76816 
-5.73214 
-5.69634 
-5.66077 
-5.62542 
-5.59029 
-5.55539 
-5.52069 
-5.48622 
-5.45196 
-5.41791 
-5.38408 
-5.35046 
-5.31705 
-5.28385 
-5.25085 
-5.21806 
-5.18548 
-5.15309 
-5.12092 
-5.08894 
-5.05716 
-5.02558 
-4.9942 
-4.96301 
-4.93202 
-4.90122 
-4.87061 
-4.8402 
-4.80997 
-4.77994 
-4.75009 
-4.72042 
-4.69095 
-4.66165 
-4.63254 
-4.60362 
-4.57487 
-4.5463 
-4.51791 
-4.4897 
-4.46166 
-4.4338 
-4.40611 
-4.3786 
-4.35125 
-4.32408 
-4.29708 
-4.27025 
-4.24358 
-4.21708 
-4.19075 
-4.16458 
-4.13857 
-4.11273 
-4.08705 
-4.06152 
-4.03616 
-4.01096 
-3.98591 
-3.96102 
-3.93628 
-3.9117 
-3.88728 
-3.863 
-3.83888 
-3.81491 
-3.79108 
-3.76741 
-3.74388 
-3.72051 
-3.69727 
-3.67418 
-3.65124 
-3.62844 
-3.60578 
-3.58326 
